OS: Windows-10-10.0.22000-SP0 10.0.22000
Python: 3.10.5
Stable-Baselines3: 1.6.0
PyTorch: 1.12.1+cpu
GPU Enabled: False
Numpy: 1.23.1
Gym: 0.25.1
